p0-1_0001.bmp,13,3,13.3,-1.3,12.9
p1-1_0001.bmp,14.2,7.8,15.2,1.9,14.6
p1-1_0002.bmp,14.2,7.8,15.3,2.3,14.2
p1-1_0003.bmp,14.2,7.8,15.2,2.6,13.9
p1-1_0004.bmp,14.2,7.8,15.2,3.0,13.5
p1-1_0005.bmp,14.2,7.8,15.2,3.5,13.0
p1-1_0006.bmp,14.2,7.8,15.1,4.1,12.4
p1-1_0007.bmp,14.2,7.8,15.1,4.9,11.5
p1-1_0008.bmp,14.2,7.8,15.1,5.3,11.1
p1-1_0009.bmp,14.2,7.8,15.1,5.5,10.9
p1-1_0010.bmp,14.2,7.8,15.1,5.9,10.6
p1-1_0011.bmp,14.2,7.8,15.1,5.8,10.6
p1-1_0012.bmp,14.2,7.8,15.1,5.8,10.5
p1-1_0013.bmp,14.2,7.8,15.1,5.7,10.6
p1-1_0014.bmp,14.2,7.8,15.1,5.5,10.8
p1-1_0015.bmp,14.2,7.8,15.0,5.9,10.4
p1-1_0016.bmp,14.2,7.8,14.9,6.3,9.9
p1-1_0017.bmp,14.2,7.8,14.9,6.3,10.0
p1-1_0018.bmp,14.2,7.8,14.8,6.2,10.0
p1-1_0019.bmp,14.2,7.8,14.8,5.9,10.3
p1-1_0020.bmp,14.2,7.8,14.8,6.2,10.0
p1-1_0021.bmp,14.2,7.8,14.8,5.0,11.1
p1-1_0022.bmp,14.2,7.8,14.8,4.2,11.8
p1-1_0023.bmp,14.2,7.8,14.8,3.9,12.1
p1-1_0024.bmp,14.2,7.8,14.8,3.4,12.6
p1-1_0025.bmp,14.2,7.8,14.9,3.4,12.6
p1-1_0026.bmp,14.2,7.8,14.9,4.4,11.5
p1-1_0027.bmp,14.2,7.8,15.0,4.9,10.9
p1-1_0028.bmp,14.2,7.8,15.0,4.9,10.9
p1-1_0029.bmp,14.2,7.8,15.1,4.7,11.1
p1-1_0030.bmp,14.2,7.8,15.2,5.1,10.7
p1-1_0031.bmp,14.2,7.8,15.2,5.2,10.5
p1-1_0032.bmp,14.2,7.8,15.2,5.5,10.2
p1-1_0033.bmp,14.2,7.8,15.2,5.6,10.0
p1-1_0034.bmp,14.2,7.8,15.1,6.2,9.5
p1-1_0035.bmp,14.2,7.8,15.0,6.2,9.4
p1-1_0036.bmp,14.2,7.8,14.9,6.5,9.1
p1-1_0037.bmp,14.2,7.8,14.8,6.6,9.0
p1-1_0038.bmp,14.2,7.8,14.7,6.6,8.9
p1-1_0039.bmp,14.2,7.8,14.6,6.7,8.9
p1-1_0040.bmp,14.2,7.8,14.5,7.1,8.5
p1-1_0041.bmp,14.2,7.8,14.6,6.4,9.2
p1-1_0042.bmp,14.2,7.8,14.6,5.8,9.7
p1-1_0043.bmp,14.2,7.8,14.6,5.2,10.3
p1-1_0044.bmp,14.2,7.8,14.6,4.9,10.6
p1-1_0045.bmp,14.2,7.8,14.7,5.0,10.5
p1-1_0046.bmp,14.2,7.8,14.7,4.8,10.7
p1-1_0047.bmp,14.2,7.8,14.7,5.1,10.3
p1-1_0048.bmp,14.2,7.8,14.8,5.1,10.3
p1-1_0049.bmp,14.2,7.8,14.8,5.2,10.2
p1-1_0050.bmp,14.2,7.8,14.8,5.7,9.7
p1-1_0051.bmp,14.2,7.8,14.9,6.2,9.2
p1-1_0052.bmp,14.2,7.8,15.0,6.5,8.9
p1-1_0053.bmp,14.2,7.8,15.0,6.7,8.7
p1-1_0054.bmp,14.2,7.8,15.0,6.3,9.1
p1-1_0055.bmp,14.2,7.8,15.0,5.9,9.5
p1-1_0056.bmp,14.2,7.8,15.0,5.9,9.5
p1-1_0057.bmp,14.2,7.8,15.0,6.1,9.3
p1-1_0058.bmp,14.2,7.8,15.1,6.2,9.2
p1-1_0059.bmp,14.2,7.8,15.1,6.1,9.3
p1-1_0060.bmp,14.2,7.8,15.1,5.6,9.8
p1-1_0061.bmp,14.2,7.8,15.1,5.6,9.8
p1-1_0062.bmp,14.2,7.8,15.1,5.8,9.5
p1-1_0063.bmp,14.2,7.8,15.1,6.0,9.4
p2-1_0001.bmp,15.5,11.8,12.5,9.3,11.6
p2-1_0002.bmp,15.5,11.8,12.7,9.7,11.1
p2-1_0003.bmp,15.5,11.8,12.9,10.1,10.7
p2-1_0004.bmp,15.5,11.8,12.9,10.3,10.4
p2-1_0005.bmp,15.5,11.8,13.0,10.5,10.3
p2-1_0006.bmp,15.5,11.8,13.0,10.6,10.1
p2-1_0007.bmp,15.5,11.8,13.1,10.7,9.9
p2-1_0008.bmp,15.5,11.8,13.2,10.8,9.8
p2-1_0009.bmp,15.5,11.8,13.3,10.9,9.6
p2-1_0010.bmp,15.5,11.8,13.4,11.0,9.5
p2-1_0011.bmp,15.5,11.8,13.4,11.0,9.4
p2-1_0012.bmp,15.5,11.8,13.5,11.1,9.3
p2-1_0013.bmp,15.5,11.8,13.5,11.1,9.3
p2-1_0014.bmp,15.5,11.8,19.7,2.8,12.4
p2-1_0015.bmp,15.5,11.8,13.7,11.2,9.1
p2-1_0016.bmp,15.5,11.8,13.7,11.3,9.0
p2-1_0017.bmp,15.5,11.8,13.8,11.3,9.0
p2-1_0018.bmp,15.5,11.8,13.9,11.4,8.8
p2-1_0019.bmp,15.5,11.8,14.1,11.6,8.7
p2-1_0020.bmp,15.5,11.8,14.2,11.7,8.6
p2-1_0021.bmp,15.5,11.8,14.3,11.8,8.5
p2-1_0022.bmp,15.5,11.8,14.5,11.7,8.5
p2-1_0023.bmp,15.5,11.8,14.6,11.4,8.8
p2-1_0024.bmp,15.5,11.8,14.6,10.7,9.4
p2-1_0025.bmp,15.5,11.8,14.6,10.1,10.0
p2-1_0026.bmp,15.5,11.8,14.7,9.4,10.6
p2-1_0027.bmp,15.5,11.8,14.8,9.0,10.9
p2-1_0028.bmp,15.5,11.8,21.7,-1.2,15.9
p2-1_0029.bmp,15.5,11.8,15.0,8.3,11.6
p2-1_0030.bmp,15.5,11.8,15.1,8.1,11.7
p2-1_0031.bmp,15.5,11.8,15.2,7.9,11.9
p2-1_0032.bmp,15.5,11.8,15.2,7.9,11.9
p2-1_0033.bmp,15.5,11.8,15.3,7.9,11.9
p2-1_0034.bmp,15.5,11.8,15.2,7.7,12.0
p2-1_0035.bmp,15.5,11.8,15.3,8.2,11.6
p2-1_0036.bmp,15.5,11.8,15.3,8.4,11.3
p2-1_0037.bmp,15.5,11.8,15.3,8.9,10.8
p2-1_0038.bmp,15.5,11.8,15.3,9.4,10.2
p2-1_0039.bmp,15.5,11.8,15.3,10.0,9.7
p2-1_0040.bmp,15.5,11.8,15.2,10.6,9.1
p2-1_0041.bmp,15.5,11.8,15.2,11.3,8.3
p2-1_0042.bmp,15.5,11.8,15.2,11.8,7.9
p2-1_0043.bmp,15.5,11.8,15.2,12.0,7.6
p2-1_0044.bmp,15.5,11.8,15.1,11.9,7.7
p2-1_0045.bmp,15.5,11.8,14.9,11.8,7.8
p2-1_0046.bmp,15.5,11.8,14.7,11.4,8.1
p2-1_0047.bmp,15.5,11.8,14.5,11.2,8.3
p2-1_0048.bmp,15.5,11.8,14.3,10.9,8.5
p2-1_0049.bmp,15.5,11.8,14.2,10.8,8.6
p2-1_0050.bmp,15.5,11.8,14.1,10.5,8.9
p2-1_0051.bmp,15.5,11.8,13.8,10.1,9.2
p2-1_0052.bmp,15.5,11.8,13.7,9.9,9.4
p2-1_0053.bmp,15.5,11.8,13.5,9.6,9.6
p2-1_0054.bmp,15.5,11.8,13.5,9.5,9.7
p2-1_0055.bmp,15.5,11.8,13.4,9.3,9.9
p2-1_0056.bmp,15.5,11.8,13.4,9.1,10.0
p2-1_0057.bmp,15.5,11.8,13.3,9.0,10.1
p2-1_0058.bmp,15.5,11.8,13.2,8.8,10.3
p2-1_0059.bmp,15.5,11.8,13.0,8.4,10.6
p2-1_0060.bmp,15.5,11.8,12.9,8.2,10.8
p2-1_0061.bmp,15.5,11.8,12.8,8.0,11.0
p2-1_0062.bmp,15.5,11.8,12.6,7.7,11.3
p2-1_0063.bmp,15.5,11.8,12.6,7.5,11.5
p3-1_0001.bmp,22.2,13.8,21.0,14.1,8.9
p3-1_0002.bmp,22.2,13.8,21.0,14.2,8.8
p3-1_0003.bmp,22.2,13.8,21.1,14.2,8.7
p3-1_0004.bmp,22.2,13.8,21.1,14.4,8.6
p3-1_0005.bmp,22.2,13.8,21.2,14.6,8.4
p3-1_0006.bmp,22.2,13.8,21.3,14.5,8.5
p3-1_0007.bmp,22.2,13.8,21.4,14.8,8.2
p3-1_0008.bmp,22.2,13.8,21.5,15.0,8.0
p3-1_0009.bmp,22.2,13.8,21.7,14.8,8.2
p3-1_0010.bmp,22.2,13.8,21.9,14.3,8.7
p3-1_0011.bmp,22.2,13.8,22.1,14.2,8.8
p3-1_0012.bmp,22.2,13.8,22.1,14.2,8.8
p3-1_0013.bmp,22.2,13.8,22.2,13.9,9.1
p3-1_0014.bmp,22.2,13.8,22.2,13.8,9.2
p3-1_0015.bmp,22.2,13.8,22.3,13.7,9.3
p3-1_0016.bmp,22.2,13.8,22.3,13.6,9.3
p3-1_0017.bmp,22.2,13.8,22.3,13.7,9.3
p3-1_0018.bmp,22.2,13.8,22.2,13.8,9.2
p3-1_0019.bmp,22.2,13.8,22.3,13.6,9.3
p3-1_0020.bmp,22.2,13.8,22.4,13.5,9.3
p3-1_0021.bmp,22.2,13.8,22.3,13.6,9.3
p3-1_0022.bmp,22.2,13.8,22.2,13.8,9.0
p3-1_0023.bmp,22.2,13.8,22.3,13.8,8.9
p3-1_0024.bmp,22.2,13.8,22.3,13.7,9.0
p3-1_0025.bmp,22.2,13.8,22.3,13.7,9.0
p3-1_0026.bmp,22.2,13.8,22.3,13.7,9.0
p3-1_0027.bmp,22.2,13.8,22.3,13.7,8.9
p3-1_0028.bmp,22.2,13.8,22.3,13.5,9.0
p3-1_0029.bmp,22.2,13.8,22.3,13.3,9.2
p3-1_0030.bmp,22.2,13.8,22.2,13.9,8.6
p3-1_0031.bmp,22.2,13.8,22.2,13.8,8.6
p3-1_0032.bmp,22.2,13.8,22.1,13.9,8.4
p3-1_0033.bmp,22.2,13.8,22.2,13.8,8.5
p3-1_0034.bmp,22.2,13.8,22.2,13.6,8.6
p3-1_0035.bmp,22.2,13.8,22.1,13.6,8.7
p3-1_0036.bmp,22.2,13.8,22.1,13.4,8.8
p3-1_0037.bmp,22.2,13.8,10.9,22.6,5.0
p3-1_0038.bmp,22.2,13.8,22.2,12.9,9.2
p3-1_0039.bmp,22.2,13.8,22.2,12.7,9.3
p3-1_0040.bmp,22.2,13.8,22.2,12.5,9.6
p3-1_0041.bmp,22.2,13.8,22.3,12.3,9.7
p3-1_0042.bmp,22.2,13.8,22.2,12.1,9.9
p3-1_0043.bmp,22.2,13.8,22.1,12.5,9.5
p3-1_0044.bmp,22.2,13.8,21.9,13.6,8.5
p3-1_0045.bmp,22.2,13.8,21.8,14.3,7.9
p3-1_0046.bmp,22.2,13.8,21.9,13.8,8.3
p3-1_0047.bmp,22.2,13.8,22.0,14.1,8.1
p3-1_0048.bmp,22.2,13.8,21.7,15.1,7.3
p3-1_0049.bmp,22.2,13.8,21.8,15.2,7.1
p3-1_0050.bmp,22.2,13.8,21.8,15.2,7.2
p3-1_0051.bmp,22.2,13.8,21.8,15.2,7.2
p3-1_0052.bmp,22.2,13.8,21.7,15.5,6.9
p3-1_0053.bmp,22.2,13.8,21.7,15.7,6.8
p3-1_0054.bmp,22.2,13.8,21.6,15.8,6.7
p3-1_0055.bmp,22.2,13.8,21.6,16.0,6.5
p3-1_0056.bmp,22.2,13.8,21.6,16.0,6.6
p3-1_0057.bmp,22.2,13.8,21.7,15.4,6.9
p3-1_0058.bmp,22.2,13.8,21.5,16.2,6.3
p3-1_0059.bmp,22.2,13.8,21.5,16.2,6.4
p3-1_0060.bmp,22.2,13.8,21.5,16.2,6.4
p3-1_0061.bmp,22.2,13.8,21.5,15.6,6.8
p3-1_0062.bmp,22.2,13.8,21.6,15.2,7.1
p3-1_0063.bmp,22.2,13.8,21.6,15.0,7.3

